30279 634,927 212,5605564 181,5101816 1,171066849 0,52040066 30600 196,3477022 0,775688485 0,989509804 0,943851783 0,923725952 0,007020065 0,003152779 0,853269634 0,999235781 -Şeker
31203 639,782 215,067737 184,8748759 1,163315112 0,510946829 31558 199,3210815 0,762984155 0,988750871 0,957948542 0,926782809 0,006892534 0,003136682 0,858926376 0,999202033  -Şeker
67822 1034,662 353,3819208 245,8604981 1,437326954 0,718297654 68887 293,8599197 0,77528578 0,984539899 0,796129027 0,831564668 0,005210432 0,001536872 0,691499797 0,993911297  -BARBUNYA
68153 1029,375 358,2789264 242,6969575 1,476239876 0,735617924 69257 294,5761272 0,761996869 0,984059373 0,808253527 0,82219775 0,00525698 0,001481908 0,67600914 0,997951649  -BARBUNYA
48396 861,023 341,8154886 181,4293033 1,884014778 0,847508765 48942 248,2331586 0,704413135 0,988843938 0,820332328 0,72621975 0,007062887 0,001211809 0,527395125 0,993620209  -HOROZ
72026 1022,019 388,78149 238,9852075 1,626801483 0,78875854 73768 302,8305656 0,749521312 0,976385425 0,866525248 0,778922283 0,005397794 0,001225667 0,606719922 0,987012869    -Çalı
190728 1696,174 665,988505 368,9420171 1,805130547 0,832532268 192377 492,7904543 0,83665475 0,991428289 0,833073875 0,739938378 0,003491823 0,000645675 0,547508804 0,988324866   -BOMBAY
45707 795,294 287,4158579 204,4561343 1,405758056 0,70282786 46331 241,2383881 0,740266261 0,986531696 0,908107305 0,839335692 0,006288224 0,001925088 0,704484404 0,990334626   -SIRA
33752 685,368 258,8430705 166,3398928 1,556109399 0,766178058 34150 207,3026317 0,759137221 0,988345534 0,902945899 0,80088152 0,00766897 0,001946211 0,641411209 0,99810601   -DERMASON




